[camera_pose]
method = sphere
radius = 0.8
number_of_points = 20

[camera_intrinsic]
width = 1920
height = 1080
fx=1372.45038
fy=1350.36013
cx=1049.30299
cy=593.63941